2.554357051849365234e-01 1.053559929132461548e-01 6.597149372100830078e-01 6.007590889930725098e-01
9.303140044212341309e-01 5.615731477737426758e-01 4.249429702758789062e-01 2.247131764888763428e-01
5.105431675910949707e-01 4.834498763084411621e-01 9.434801340103149414e-01 8.780868649482727051e-01
1.796840727329254150e-01 9.334794878959655762e-01 2.096856683492660522e-01 2.520729303359985352e-01
1.139197498559951782e-01 2.510972023010253906e-01 3.094466924667358398e-01 4.015494585037231445e-01
6.968523859977722168e-01 8.339267969131469727e-01 5.434261560440063477e-01 7.754883170127868652e-01
8.710795044898986816e-01 1.308005452156066895e-01 8.720566332340240479e-02 1.241897642612457275e-01
4.441243410110473633e-01 7.042232155799865723e-01 8.221588134765625000e-01 7.481605410575866699e-01
4.198512434959411621e-01 3.770948946475982666e-01 3.752210736274719238e-02 8.208578228950500488e-01
7.664555311203002930e-01 9.597563147544860840e-01 8.034830689430236816e-01 4.469933807849884033e-01
6.588988304138183594e-01 6.630443036556243896e-03 3.164056837558746338e-01 6.684975624084472656e-01
3.077157028019428253e-02 5.802205801010131836e-01 5.813891291618347168e-01 4.466605558991432190e-02
2.156789004802703857e-01 2.273894101381301880e-01 9.309077858924865723e-01 1.763167381286621094e-01
5.956350564956665039e-01 6.838062405586242676e-01 1.656173169612884521e-01 5.524675250053405762e-01
9.565498828887939453e-01 3.556816279888153076e-01 7.155000567436218262e-01 3.286440074443817139e-01
3.581123948097229004e-01 8.055142164230346680e-01 4.492358863353729248e-01 9.548277258872985840e-01
3.202177882194519043e-01 3.282350301742553711e-01 7.782851457595825195e-01 7.711630314588546753e-02
9.949488639831542969e-01 7.548356056213378906e-01 1.208008453249931335e-02 7.028875350952148438e-01
5.710297822952270508e-01 2.079615145921707153e-01 6.185498237609863281e-01 4.169454872608184814e-01
2.397795021533966064e-01 6.251093745231628418e-01 3.533222675323486328e-01 7.927458286285400391e-01
5.353061482310295105e-02 5.749977380037307739e-02 1.285595744848251343e-01 9.247636795043945312e-01
6.366136074066162109e-01 6.074764728546142578e-01 8.936059474945068359e-01 3.005501925945281982e-01
8.061965703964233398e-01 4.356010556221008301e-01 4.748190641403198242e-01 5.849053859710693359e-01
3.796361088752746582e-01 9.793749451637268066e-01 7.408391237258911133e-01 2.107209712266921997e-01
4.839884042739868164e-01 1.815015971660614014e-01 3.995006978511810303e-01 3.450470566749572754e-01
8.307434916496276855e-01 7.316474318504333496e-01 6.345167756080627441e-01 9.691251516342163086e-01
7.194882035255432129e-01 3.097706735134124756e-01 2.466025054454803467e-01 1.301892548799514771e-01
9.175609052181243896e-02 8.533780574798583984e-01 9.806410670280456543e-01 5.042954683303833008e-01
1.549576222896575928e-01 4.562011063098907471e-01 5.061240792274475098e-01 6.536508798599243164e-01
5.347670912742614746e-01 8.826029896736145020e-01 2.723887264728546143e-01 2.771369367837905884e-02
8.925402760505676270e-01 8.572925627231597900e-02 8.474981188774108887e-01 8.684805631637573242e-01
2.937121391296386719e-01 5.030751228332519531e-01 1.127890646457672119e-01 4.925715327262878418e-01
3.052988648414611816e-01 4.917938709259033203e-01 3.394725322723388672e-01 1.958946585655212402e-01
8.804494142532348633e-01 9.096363782882690430e-01 5.734510421752929688e-01 5.719559192657470703e-01
5.546698570251464844e-01 1.127615720033645630e-01 6.059777736663818359e-02 2.935669124126434326e-01
1.355578005313873291e-01 5.386684536933898926e-01 7.955518960952758789e-01 9.195961952209472656e-01
7.186821103096008301e-02 1.537060737609863281e-01 6.921898126602172852e-01 8.013694286346435547e-01
7.389034032821655273e-01 6.968168020248413086e-01 4.574168920516967773e-01 4.274154007434844971e-01
8.191411495208740234e-01 2.749411463737487793e-01 9.075872898101806641e-01 7.037291526794433594e-01
4.960641264915466309e-01 8.255819678306579590e-01 1.737937927246093750e-01 7.974320650100708008e-02
3.914711475372314453e-01 2.966150268912315369e-02 9.672805666923522949e-01 4.758111834526062012e-01
7.948341965675354004e-01 5.729404091835021973e-01 2.019910365343093872e-01 8.496602773666381836e-01
6.557881236076354980e-01 4.010643661022186279e-01 6.835218071937561035e-01 3.171356394886970520e-03
3.388270735740661621e-02 9.515377283096313477e-01 4.172566831111907959e-01 6.269875764846801758e-01
2.206206172704696655e-01 3.639010488986968994e-01 6.364862620830535889e-02 5.265871286392211914e-01
5.906928181648254395e-01 7.815439105033874512e-01 8.296105265617370605e-01 1.504515111446380615e-01
9.830989241600036621e-01 2.346704155206680298e-01 2.858846485614776611e-01 9.992598295211791992e-01
3.315647840499877930e-01 6.607743501663208008e-01 5.508671402931213379e-01 3.730912804603576660e-01
3.699630498886108398e-01 1.996093988418579102e-01 2.235268354415893555e-01 7.199799418449401855e-01
9.452031254768371582e-01 6.489605903625488281e-01 9.885722398757934570e-01 9.419336169958114624e-02
6.147946715354919434e-01 3.208366036415100098e-01 3.764338493347167969e-01 7.551507353782653809e-01
1.960160881280899048e-01 7.777331471443176270e-01 6.424548625946044922e-01 3.793350458145141602e-01
1.159682776778936386e-02 4.127026796340942383e-01 8.708186149597167969e-01 2.785674333572387695e-01
6.785460114479064941e-01 9.867742061614990234e-01 1.046125888824462891e-01 9.027960896492004395e-01
7.546202540397644043e-01 3.364771977066993713e-02 5.294343233108520508e-01 2.434257119894027710e-01
4.312129020690917969e-01 6.158294081687927246e-01 2.642077207565307617e-01 6.176252961158752441e-01
4.557269215583801270e-01 2.867477238178253174e-01 5.947429537773132324e-01 9.520339369773864746e-01
8.590044975280761719e-01 8.606501221656799316e-01 3.610085546970367432e-01 3.279711902141571045e-01
7.167404890060424805e-01 1.575249731540679932e-01 7.544847130775451660e-01 5.418917536735534668e-01
9.450528025627136230e-02 7.398731708526611328e-01 1.977471634745597839e-02 1.678008884191513062e-01
1.597805768251419067e-01 7.750268280506134033e-02 4.983811080455780029e-01 4.969526082277297974e-02
5.299427509307861328e-01 5.270525813102722168e-01 7.333981394767761230e-01 6.756172776222229004e-01
9.187265634536743164e-01 4.489282071590423584e-01 1.521166115999221802e-01 4.598655998706817627e-01
2.675263285636901855e-01 9.056267738342285156e-01 8.861542344093322754e-01 8.357594609260559082e-01
2.765220105648040771e-01 2.727651000022888184e-01 1.601272523403167725e-01 3.180630207061767578e-01
9.122176170349121094e-01 8.160430788993835449e-01 9.251101613044738770e-01 9.419098496437072754e-01
5.199726819992065430e-01 1.441676765680313110e-01 4.437696635723114014e-01 1.579208672046661377e-01
1.653117686510086060e-01 6.946402788162231445e-01 7.097319960594177246e-01 5.317395329475402832e-01
1.036339402198791504e-01 1.227505877614021301e-01 8.092487454414367676e-01 6.813392043113708496e-01
7.101280689239501953e-01 5.403943657875061035e-01 4.298308864235877991e-02 5.520126596093177795e-02
8.488928079605102539e-01 4.935202598571777344e-01 5.871290564537048340e-01 8.415095210075378418e-01
4.613682925701141357e-01 9.196249246597290039e-01 3.218390047550201416e-01 4.653434753417968750e-01
4.251293241977691650e-01 2.485690414905548096e-01 5.372012853622436523e-01 1.035834476351737976e-01
7.640450596809387207e-01 6.664108037948608398e-01 3.034073114395141602e-01 7.296431660652160645e-01
6.836480498313903809e-01 3.695370256900787354e-01 8.159635066986083984e-01 3.887542188167572021e-01
1.201392151415348053e-03 7.954429984092712402e-01 8.119011670351028442e-02 7.647848725318908691e-01
1.898290067911148071e-01 3.949777781963348389e-01 4.309532642364501953e-01 8.965584635734558105e-01
6.243525147438049316e-01 9.380892515182495117e-01 6.659078598022460938e-01 2.726029455661773682e-01
9.504153132438659668e-01 1.621254161000251770e-02 2.156683057546615601e-01 6.114167571067810059e-01
3.594260513782501221e-01 5.668542981147766113e-01 9.496473073959350586e-01 2.374321222305297852e-01
3.372776210308074951e-01 4.364437982439994812e-02 2.778430283069610596e-01 8.558679819107055664e-01
9.730663895606994629e-01 6.175476908683776855e-01 5.118811726570129395e-01 4.818075597286224365e-01
5.840012431144714355e-01 4.144214391708374023e-01 1.182290613651275635e-01 6.332281827926635742e-01
2.296777814626693726e-01 9.967703819274902344e-01 8.532466292381286621e-01 9.134843014180660248e-03
3.946256637573242188e-02 3.186529278755187988e-01 6.287277340888977051e-01 1.410295218229293823e-01
6.458590626716613770e-01 7.682018876075744629e-01 3.940173089504241943e-01 5.169538259506225586e-01
7.882842421531677246e-01 1.900786161422729492e-01 9.748644232749938965e-01 3.637022078037261963e-01
4.004181325435638428e-01 6.467764377593994141e-01 2.411296069622039795e-01 9.895936250686645508e-01
4.854841530323028564e-01 4.428339898586273193e-01 8.997902870178222656e-01 5.662047863006591797e-01
8.243027925491333008e-01 8.921859264373779297e-01 1.345631927251815796e-01 1.904197186231613159e-01
7.485117912292480469e-01 6.406136602163314819e-02 7.470148801803588867e-01 9.138770103454589844e-01
6.572407484054565430e-02 5.209588408470153809e-01 4.808083772659301758e-01 2.880600094795227051e-01
1.250813454389572144e-01 1.714311987161636353e-01 6.047376431524753571e-03 4.372925162315368652e-01
5.596984624862670898e-01 7.455019950866699219e-01 7.720688581466674805e-01 8.115227222442626953e-01
8.899476528167724609e-01 2.923760712146759033e-01 3.473000526428222656e-01 8.965225517749786377e-02
2.992962896823883057e-01 8.745568394660949707e-01 6.123459339141845703e-01 7.138504981994628906e-01
2.872014939785003662e-01 1.359444260597229004e-01 8.397621512413024902e-01 9.785448312759399414e-01
9.015385508537292480e-01 7.186067700386047363e-01 7.349745184183120728e-02 3.546828329563140869e-01
5.402947068214416504e-01 2.654802799224853516e-01 5.610101819038391113e-01 5.136870145797729492e-01
1.449882984161376953e-01 8.390711545944213867e-01 2.957191765308380127e-01 1.398531794548034668e-01
